epoch	fem_loss	test_loss	lr
0	1.300846657198e-01	2.236394364090e-02	9.999975572749e-04
1	1.916419471352e-02	1.610278105607e-02	9.999902291238e-04
2	1.317556719188e-02	9.731282482489e-03	9.999780156189e-04
3	7.512412894585e-03	6.280778625201e-03	9.999609168809e-04
4	5.471356407933e-03	5.772923754510e-03	9.999389330784e-04
5	4.779812434529e-03	3.507397170892e-03	9.999120644285e-04
6	3.749707128921e-03	3.814485798812e-03	9.998803111963e-04
7	3.598037564103e-03	2.678888687327e-03	9.998436736952e-04
8	3.826751325522e-03	5.831809892805e-03	9.998021522869e-04
9	3.639473941832e-03	3.763515703503e-03	9.997557473810e-04
10	2.641141869522e-03	2.973250149637e-03	9.997044594357e-04
11	2.485328903082e-03	2.839291191337e-03	9.996482889571e-04
12	3.246978277402e-03	2.090886316373e-03	9.995872364996e-04
13	2.149721787175e-03	2.379396256316e-03	9.995213026657e-04
14	2.858829837799e-03	1.850421095722e-03	9.994504881062e-04
15	3.351938508866e-03	2.394496734547e-03	9.993747935200e-04
16	2.036106813865e-03	3.623738768773e-03	9.992942196542e-04
17	2.528830650833e-03	2.835522980261e-03	9.992087673039e-04
18	1.980426285709e-03	1.842547788166e-03	9.991184373127e-04
19	2.262497793326e-03	2.504728574999e-03	9.990232305720e-04
20	1.873710042484e-03	1.605824794394e-03	9.989231480214e-04
21	1.598118078749e-03	2.270040630440e-03	9.988181906488e-04
22	1.256158774962e-03	1.231088428332e-03	9.987083594900e-04
23	2.717208630861e-03	3.348420267695e-03	9.985936556290e-04
24	2.882384181560e-03	1.103482508579e-03	9.984740801979e-04
25	1.230086843867e-03	1.751658448514e-03	9.983496343768e-04
26	1.391943763032e-03	1.115074149190e-03	9.982203193941e-04
27	9.902303481543e-04	9.632228244073e-04	9.980861365259e-04
28	3.877876760501e-03	8.876002176431e-03	9.979470870966e-04
29	2.803983210570e-03	8.537587993240e-04	9.978031724785e-04
30	9.290242866991e-04	9.369858093843e-04	9.976543940921e-04
31	9.880225879139e-04	8.451422869335e-04	9.975007534057e-04
32	1.027467510232e-03	1.056818397184e-03	9.973422519358e-04
33	9.576394947209e-04	8.463819382939e-04	9.971788912465e-04
34	1.615095718780e-03	1.644980513597e-03	9.970106729503e-04
35	2.384927394161e-03	1.320464969421e-03	9.968375987074e-04
36	1.197257209623e-03	1.071226184738e-03	9.966596702260e-04
37	8.017344199831e-04	6.527113380326e-04	9.964768892621e-04
38	9.426596577843e-04	8.766321667400e-04	9.962892576197e-04
39	1.085696739954e-03	1.522886339304e-03	9.960967771507e-04
40	1.340529521447e-03	1.155488719775e-03	9.958994497547e-04
41	9.836313816889e-04	1.053093174382e-03	9.956972773794e-04
42	1.266776036111e-03	1.932060283468e-03	9.954902620201e-04
43	1.573854636296e-03	1.434287462671e-03	9.952784057198e-04
44	1.158189282479e-03	1.302442941329e-03	9.950617105697e-04
45	1.196752505695e-03	1.028793720381e-03	9.948401787083e-04
46	1.224362882063e-03	1.570983408585e-03	9.946138123221e-04
47	1.338786389826e-03	1.173386076344e-03	9.943826136453e-04
48	8.842310258034e-04	7.912929203427e-04	9.941465849596e-04
49	9.772526756838e-04	9.391634978533e-04	9.939057285946e-04
50	1.389142198192e-03	2.184235804852e-03	9.936600469274e-04
51	1.305706547713e-03	1.038186194725e-03	9.934095423829e-04
52	8.211956180462e-04	8.787419918679e-04	9.931542174333e-04
53	8.042178183699e-04	1.173716705436e-03	9.928940745988e-04
54	2.530379691176e-03	1.612636323853e-03	9.926291164466e-04
55	8.316318340411e-04	6.213861846194e-04	9.923593455920e-04
56	4.698042621975e-04	4.127511746213e-04	9.920847646973e-04
57	4.158917044292e-04	4.812971632219e-04	9.918053764727e-04
58	7.708208237048e-04	8.743302855778e-04	9.915211836755e-04
59	6.158277957362e-04	4.375203105318e-04	9.912321891107e-04
60	7.331472430374e-04	1.030948480873e-03	9.909383956305e-04
61	1.860720916587e-03	3.019807398154e-03	9.906398061344e-04
62	1.576596935198e-03	6.177391674050e-04	9.903364235696e-04
63	4.303583507910e-04	4.718544236896e-04	9.900282509302e-04
64	5.484087648428e-04	8.093282712088e-04	9.897152912578e-04
65	8.979936037997e-04	6.447234633584e-04	9.893975476411e-04
66	6.006867027546e-04	4.516746439097e-04	9.890750232162e-04
67	5.022782448421e-04	4.687085936379e-04	9.887477211663e-04
68	1.302051746427e-03	2.184461913155e-03	9.884156447216e-04
69	1.955680050681e-03	1.334491792912e-03	9.880787971597e-04
70	7.406963380270e-04	4.942712605204e-04	9.877371818051e-04
71	3.402251963194e-04	3.217047106565e-04	9.873908020294e-04
72	4.236471995557e-04	4.099912990648e-04	9.870396612512e-04
73	5.047954246039e-04	4.456225490437e-04	9.866837629362e-04
74	6.703300570442e-04	9.683753187134e-04	9.863231105968e-04
75	8.292508427436e-04	5.129447125833e-04	9.859577077928e-04
76	7.526427152830e-04	8.802251321991e-04	9.855875581303e-04
77	5.622259299425e-04	4.260525323836e-04	9.852126652626e-04
78	5.003715235479e-04	5.711421469895e-04	9.848330328898e-04
79	7.526870039677e-04	9.147673690875e-04	9.844486647587e-04
80	9.621012655076e-04	6.325991373530e-04	9.840595646628e-04
81	5.203139675103e-04	4.800627885004e-04	9.836657364424e-04
82	7.162056267653e-04	1.197882229597e-03	9.832671839844e-04
83	1.514006964861e-03	1.229813601806e-03	9.828639112225e-04
84	6.830252521768e-04	3.716320933702e-04	9.824559221366e-04
85	4.468934568788e-04	3.819792718901e-04	9.820432207536e-04
86	3.880057085682e-04	3.847059490154e-04	9.816258111465e-04
87	3.805263933820e-04	4.510620132894e-04	9.812036974351e-04
88	7.236409090328e-04	1.026750141129e-03	9.807768837855e-04
89	5.508857999887e-04	5.450461513712e-04	9.803453744101e-04
90	1.198646980130e-03	1.024482730839e-03	9.799091735678e-04
91	5.764589658115e-04	4.699424273850e-04	9.794682855636e-04
92	5.760593554029e-04	5.417995789188e-04	9.790227147490e-04
93	4.592816120674e-04	6.318748895588e-04	9.785724655216e-04
94	5.182419715426e-04	3.891476552627e-04	9.781175423252e-04
95	3.590620565746e-04	3.651662560219e-04	9.776579496496e-04
96	6.048048541186e-04	9.907126502345e-04	9.771936920309e-04
97	1.016272579855e-03	1.076781138923e-03	9.767247740510e-04
98	5.570127710777e-04	3.340506322286e-04	9.762512003381e-04
99	3.718771527901e-04	4.375818456787e-04	9.757729755661e-04
100	4.378288673152e-04	4.016581242888e-04	9.752901044549e-04
101	6.268765294441e-04	4.847533659191e-04	9.748025917702e-04
102	4.851537921999e-04	3.627999507027e-04	9.743104423236e-04
103	4.744816240285e-04	1.218885836261e-03	9.738136609724e-04
104	1.003412382884e-03	2.309664245718e-03	9.733122526196e-04
105	8.960415413584e-04	2.809288613530e-04	9.728062222140e-04
106	2.574855982222e-04	2.919825378535e-04	9.722955747498e-04
107	4.780920650768e-04	3.552455697137e-04	9.717803152670e-04
108	3.954687926109e-04	3.455751830145e-04	9.712604488508e-04
109	5.053544848679e-04	5.333689888314e-04	9.707359806323e-04
110	4.832868460625e-04	4.819352279927e-04	9.702069157877e-04
111	6.753025478452e-04	7.276211039315e-04	9.696732595387e-04
112	4.532067834902e-04	4.503849628254e-04	9.691350171521e-04
113	6.412992122382e-04	5.027887621960e-04	9.685921939404e-04
114	4.400117485762e-04	4.940789534012e-04	9.680447952608e-04
115	6.968900137685e-04	5.986873964871e-04	9.674928265160e-04
116	3.293415930334e-04	3.216766253776e-04	9.669362931538e-04
117	2.999274377197e-04	2.338948716459e-04	9.663752006668e-04
118	3.294759071007e-04	4.222594793771e-04	9.658095545929e-04
119	4.435522846602e-04	5.742234052186e-04	9.652393605147e-04
120	1.023667637464e-03	1.395996252578e-03	9.646646240598e-04
121	8.028572293025e-04	2.857511092773e-04	9.640853509007e-04
122	2.893177508580e-04	2.007940573064e-04	9.635015467544e-04
123	1.865392382199e-04	2.139252345957e-04	9.629132173831e-04
124	2.577400323961e-04	2.737671109893e-04	9.623203685931e-04
125	3.914094159200e-04	7.193420770853e-04	9.617230062357e-04
126	6.917869209569e-04	8.567920488545e-04	9.611211362066e-04
127	4.549679023209e-04	3.916653482691e-04	9.605147644461e-04
128	3.269869974102e-04	2.305204002943e-04	9.599038969387e-04
129	2.873384975399e-04	6.701967747122e-04	9.592885397136e-04
130	5.998018353817e-04	6.071240733887e-04	9.586686988439e-04
131	5.063957572451e-04	3.991399242635e-04	9.580443804474e-04
132	4.214648124425e-04	3.327951083462e-04	9.574155906857e-04
133	4.601948732029e-04	1.617068975498e-03	9.567823357647e-04
134	7.442249977838e-04	4.206803864493e-04	9.561446219345e-04
135	3.271212529398e-04	2.361776836914e-04	9.555024554891e-04
136	2.310571520614e-04	2.305149551663e-04	9.548558427662e-04
137	2.826168331787e-04	4.112873415266e-04	9.542047901479e-04
138	4.109414661609e-04	5.298958070252e-04	9.535493040595e-04
139	4.286605251653e-04	2.631849130641e-04	9.528893909707e-04
140	5.088263974799e-04	3.474341753711e-04	9.522250573944e-04
141	5.339942260670e-04	5.848475585600e-04	9.515563098873e-04
142	4.931446718932e-04	4.372340110602e-04	9.508831550497e-04
143	3.147700293676e-04	3.404299532607e-04	9.502055995254e-04
144	3.870740718592e-04	3.678306209110e-04	9.495236500015e-04
145	2.244126040714e-04	5.416289218700e-04	9.488373132087e-04
146	5.201827041300e-04	6.676464812210e-04	9.481465959208e-04
147	5.101852365592e-04	3.797735288279e-04	9.474515049549e-04
148	3.210040571696e-04	4.147306310792e-04	9.467520471712e-04
149	3.959040435709e-04	3.309453333892e-04	9.460482294732e-04
150	3.732810927380e-04	3.803448070566e-04	9.453400588073e-04
151	9.484900674424e-04	7.866069866131e-04	9.446275421627e-04
152	4.537794409512e-04	2.891015048571e-04	9.439106865718e-04
153	2.278643141347e-04	1.745729763322e-04	9.431894991096e-04
154	1.844843653116e-04	1.737980829739e-04	9.424639868939e-04
155	2.575288288637e-04	3.103384870672e-04	9.417341570853e-04
156	3.565826718041e-04	4.410536021904e-04	9.410000168869e-04
157	4.774198927938e-04	5.950236324190e-04	9.402615735443e-04
158	4.074164203113e-04	3.676396603979e-04	9.395188343458e-04
159	2.983991085905e-04	2.098195481700e-04	9.387718066217e-04
160	3.063179222730e-04	3.572545448339e-04	9.380204977451e-04
161	3.777109873501e-04	3.615151332959e-04	9.372649151309e-04
162	3.739395797265e-04	3.628621955878e-04	9.365050662366e-04
163	3.423523933209e-04	4.848201545732e-04	9.357409585614e-04
164	4.303342216866e-04	5.476093618777e-04	9.349725996469e-04
165	4.010625868093e-04	3.857270574990e-04	9.341999970764e-04
166	3.696728421120e-04	3.907423173564e-04	9.334231584752e-04
167	3.140194639615e-04	2.336030574894e-04	9.326420915105e-04
168	3.516581003328e-04	4.383783820767e-04	9.318568038909e-04
169	3.363404683131e-04	2.844638847225e-04	9.310673033670e-04
170	2.737211426620e-04	3.869527033875e-04	9.302735977308e-04
171	3.238137606701e-04	2.222318338635e-04	9.294756948159e-04
172	2.388802765621e-04	2.209647826760e-04	9.286736024972e-04
173	4.544656744068e-04	9.501718197895e-04	9.278673286912e-04
174	4.127230130081e-04	2.411252180264e-04	9.270568813553e-04
175	2.459680223065e-04	2.466798436093e-04	9.262422684884e-04
176	2.516540489733e-04	3.639957405420e-04	9.254234981303e-04
177	4.038611653628e-04	3.158604743972e-04	9.246005783621e-04
178	2.541848227822e-04	2.806506032347e-04	9.237735173056e-04
179	3.224926794857e-04	5.102939389536e-04	9.229423231235e-04
180	8.624633797479e-04	3.967908017872e-04	9.221070040194e-04
181	2.180365842958e-04	1.652163478105e-04	9.212675682376e-04
182	2.700173028558e-04	2.023406989512e-04	9.204240240629e-04
183	1.923849439504e-04	2.078767150536e-04	9.195763798209e-04
184	1.953647352798e-04	2.325299848266e-04	9.187246438773e-04
185	2.849423313837e-04	4.359864409375e-04	9.178688246385e-04
186	5.669420882427e-04	3.712936369140e-04	9.170089305511e-04
187	2.174564916374e-04	2.439820182989e-04	9.161449701019e-04
188	2.325406969277e-04	2.820543502929e-04	9.152769518179e-04
189	2.255232543458e-04	2.287002320931e-04	9.144048842659e-04
190	3.246560372853e-04	3.692115813616e-04	9.135287760530e-04
191	5.236763361117e-04	8.057565381347e-04	9.126486358261e-04
192	5.033591755808e-04	3.141547256130e-04	9.117644722716e-04
193	2.257706652192e-04	1.666380203042e-04	9.108762941161e-04
194	1.666650244537e-04	1.501978502941e-04	9.099841101254e-04
195	1.994898595328e-04	3.647352059692e-04	9.090879291050e-04
196	4.163783490308e-04	3.846747817467e-04	9.081877598999e-04
197	3.839288188516e-04	3.426636755826e-04	9.072836113944e-04
198	3.290192964587e-04	3.432256029779e-04	9.063754925120e-04
199	1.786186128620e-04	1.576237825691e-04	9.054634122156e-04
200	1.991738495312e-04	2.050177026126e-04	9.045473795070e-04
201	2.567735666134e-04	2.657729625866e-04	9.036274034270e-04
202	2.956108433893e-04	2.879618729945e-04	9.027034930555e-04
203	2.702559549217e-04	3.731001576357e-04	9.017756575111e-04
204	5.751224876116e-04	6.463495680654e-04	9.008439059511e-04
205	3.696403553203e-04	1.812987556287e-04	8.999082475716e-04
206	1.757985977179e-04	1.469318653956e-04	8.989686916071e-04
207	1.929156520183e-04	2.536410495053e-04	8.980252473307e-04
208	1.823333254523e-04	1.577178568013e-04	8.970779240537e-04
209	2.010694867672e-04	3.884591856684e-04	8.961267311260e-04
210	4.035655556730e-04	3.016883180486e-04	8.951716779353e-04
211	3.573299864383e-04	3.239110637838e-04	8.942127739076e-04
212	2.928297259252e-04	2.227548347417e-04	8.932500285070e-04
213	1.753840244280e-04	1.643374120028e-04	8.922834512354e-04
214	2.271428212761e-04	2.189198265954e-04	8.913130516325e-04
215	4.229149070143e-04	4.636436865296e-04	8.903388392757e-04
216	3.323247828238e-04	2.442084632984e-04	8.893608237801e-04
217	3.203039393674e-04	3.209490260777e-04	8.883790147984e-04
218	2.221949024927e-04	1.604506895310e-04	8.873934220205e-04
219	1.747558068650e-04	1.832676841446e-04	8.864040551740e-04
220	2.531902146962e-04	2.708900119664e-04	8.854109240234e-04
221	2.396409457352e-04	3.036584091849e-04	8.844140383706e-04
222	2.990919898732e-04	3.497226766512e-04	8.834134080544e-04
223	3.159043250930e-04	2.188272411990e-04	8.824090429507e-04
224	1.567183032663e-04	1.453310191207e-04	8.814009529720e-04
225	2.095651833932e-04	3.684507159003e-04	8.803891480679e-04
226	3.605505292575e-04	2.821895751767e-04	8.793736382245e-04
227	1.978811471878e-04	1.519399017396e-04	8.783544334644e-04
228	1.589674096520e-04	1.470938340155e-04	8.773315438467e-04
229	3.502142492074e-04	4.345434154673e-04	8.763049794671e-04
230	3.419390778691e-04	2.234192327344e-04	8.752747504572e-04
231	2.293380258746e-04	4.853127473531e-04	8.742408669850e-04
232	3.411937922548e-04	3.560862181261e-04	8.732033392545e-04
233	1.865386889584e-04	1.573864753053e-04	8.721621775057e-04
234	2.016287169846e-04	1.791920598492e-04	8.711173920144e-04
235	1.765520271662e-04	2.194419061289e-04	8.700689930923e-04
236	6.160945328439e-04	5.347463684479e-04	8.690169910866e-04
237	2.609591299568e-04	2.580133597861e-04	8.679613963802e-04
238	1.534544802233e-04	1.997907440794e-04	8.669022193913e-04
239	1.384311054179e-04	1.199314810204e-04	8.658394705736e-04
240	1.079290515519e-04	1.531811501776e-04	8.647731604160e-04
241	3.734066267440e-04	7.019671886385e-04	8.637032994426e-04
242	2.979112041314e-04	1.633505365617e-04	8.626298982124e-04
243	1.359785506928e-04	1.695024387590e-04	8.615529673195e-04
244	1.463434039833e-04	1.905131983496e-04	8.604725173928e-04
245	3.441643909932e-04	5.559617803846e-04	8.593885590958e-04
246	4.966840456542e-04	1.810525551666e-04	8.583011031268e-04
247	1.439777528556e-04	1.147973981202e-04	8.572101602186e-04
248	1.414728180922e-04	1.291555482186e-04	8.561157411383e-04
249	1.406820358682e-04	1.434773785411e-04	8.550178566873e-04
250	1.452714546275e-04	1.992191699653e-04	8.539165177015e-04
251	4.995381845184e-04	5.266923723390e-04	8.528117350504e-04
252	3.361213475327e-04	2.663090233996e-04	8.517035196380e-04
253	1.633608849963e-04	1.176870394720e-04	8.505918824018e-04
254	1.102930782779e-04	1.483059681854e-04	8.494768343132e-04
255	1.438849456488e-04	2.181997923541e-04	8.483583863773e-04
256	3.272390534406e-04	3.192823784779e-04	8.472365496328e-04
257	2.815240725493e-04	1.979472006024e-04	8.461113351517e-04
258	2.364977112012e-04	1.745180733917e-04	8.449827540395e-04
259	1.561381619803e-04	1.441251528699e-04	8.438508174347e-04
260	1.055058237364e-04	1.342562434087e-04	8.427155365092e-04
261	2.411630833645e-04	3.169916466729e-04	8.415769224676e-04
262	2.915039410092e-04	2.543359228957e-04	8.404349865477e-04
263	2.382184120612e-04	2.604099298099e-04	8.392897400199e-04
264	2.186922451690e-04	1.432776324886e-04	8.381411941873e-04
265	2.515357365596e-04	2.668227022117e-04	8.369893603857e-04
266	1.578175028752e-04	9.582426411857e-05	8.358342499831e-04
267	1.440373757017e-04	2.526169187696e-04	8.346758743800e-04
268	1.991247986689e-04	1.493129336275e-04	8.335142450091e-04
269	1.704237878743e-04	2.268631000131e-04	8.323493733352e-04
270	2.881913932750e-04	3.341577010293e-04	8.311812708552e-04
271	2.813426035429e-04	2.640254855953e-04	8.300099490977e-04
272	1.820182292553e-04	1.290058550705e-04	8.288354196233e-04
273	1.345351929904e-04	1.268191367838e-04	8.276576940239e-04
274	2.672413981480e-04	3.658252329746e-04	8.264767839234e-04
275	2.649419223203e-04	1.535646788721e-04	8.252927009769e-04
276	1.591017106427e-04	1.591288581690e-04	8.241054568707e-04
277	1.620707874850e-04	1.442401061796e-04	8.229150633224e-04
278	1.454702919353e-04	1.525690625463e-04	8.217215320808e-04
279	2.050639366905e-04	3.857125452947e-04	8.205248749256e-04
280	3.213810439139e-04	3.463545272349e-04	8.193251036672e-04
281	1.857455481259e-04	1.386920332449e-04	8.181222301470e-04
282	1.225727805548e-04	1.084942435553e-04	8.169162662368e-04
283	1.431743308590e-04	1.897293730444e-04	8.157072238389e-04
284	1.974597138104e-04	3.605331742361e-04	8.144951148862e-04
285	3.291936095797e-04	2.203862542638e-04	8.132799513416e-04
286	2.489159030374e-04	2.554173173064e-04	8.120617451984e-04
287	1.748011924039e-04	1.962779854700e-04	8.108405084797e-04
288	1.491342848385e-04	1.778653826438e-04	8.096162532387e-04
289	1.537150246278e-04	1.108810919725e-04	8.083889915582e-04
290	1.527575394449e-04	2.708632923621e-04	8.071587355509e-04
291	3.218017469030e-04	3.250192915218e-04	8.059254973588e-04
292	2.096249074402e-04	1.905427261753e-04	8.046892891536e-04
293	1.365190439352e-04	1.217710790381e-04	8.034501231361e-04
294	1.211492945190e-04	1.295299042199e-04	8.022080115363e-04
295	1.717691597320e-04	1.570871089448e-04	8.009629666135e-04
296	1.642503739069e-04	1.792769988109e-04	7.997150006556e-04
297	2.160311822695e-04	2.819651554417e-04	7.984641259797e-04
298	3.066906684966e-04	2.274035104537e-04	7.972103549314e-04
299	2.622604119304e-04	2.303453477859e-04	7.959536998848e-04
300	1.424442690421e-04	1.027458249293e-04	7.946941732426e-04
301	8.696133354371e-05	8.762000700535e-05	7.934317874359e-04
302	1.200313202093e-04	1.951227923586e-04	7.921665549240e-04
303	1.935523490691e-04	1.697907360847e-04	7.908984881940e-04
304	1.991132819692e-04	2.610368934606e-04	7.896275997614e-04
305	2.097088569524e-04	1.305566968267e-04	7.883539021693e-04
306	1.733685586724e-04	2.318270055382e-04	7.870774079886e-04
307	2.145042378907e-04	1.762219338577e-04	7.857981298177e-04
308	1.785879207085e-04	2.197533073944e-04	7.845160802827e-04
309	1.792654034909e-04	1.140064424745e-04	7.832312720368e-04
310	1.010389672197e-04	1.296060874425e-04	7.819437177606e-04
311	1.410589416887e-04	1.419798115665e-04	7.806534301617e-04
312	1.626601988402e-04	1.512443938186e-04	7.793604219747e-04
313	1.565551741676e-04	2.488696685995e-04	7.780647059611e-04
314	2.184081262284e-04	3.559165880686e-04	7.767662949091e-04
315	2.867721177664e-04	1.398598940139e-04	7.754652016335e-04
316	1.233345620322e-04	1.885418347453e-04	7.741614389755e-04
317	1.343126770995e-04	1.142805732239e-04	7.728550198028e-04
318	1.773799705365e-04	2.066011685733e-04	7.715459570092e-04
319	1.778113766863e-04	1.262993631399e-04	7.702342635146e-04
320	1.145685943226e-04	1.369374178917e-04	7.689199522649e-04
321	2.222540105312e-04	2.034360814227e-04	7.676030362318e-04
322	1.876019071346e-04	1.388173133120e-04	7.662835284128e-04
323	1.683263974615e-04	1.386631747462e-04	7.649614418308e-04
324	1.322062041241e-04	1.474900859746e-04	7.636367895344e-04
325	1.261252141237e-04	1.252175159945e-04	7.623095845973e-04
326	1.384719899984e-04	1.425088750884e-04	7.609798401184e-04
327	2.224280801270e-04	3.142738637095e-04	7.596475692218e-04
328	2.748876216398e-04	1.703249075027e-04	7.583127850566e-04
329	1.216485960867e-04	8.405346023392e-05	7.569755007964e-04
330	9.669584597077e-05	1.108590448050e-04	7.556357296398e-04
331	1.730820648625e-04	2.260247614859e-04	7.542934848097e-04
332	1.502202583927e-04	1.138006527213e-04	7.529487795536e-04
333	1.247281164168e-04	1.270243159709e-04	7.516016271430e-04
334	8.374374470593e-05	9.811153959604e-05	7.502520408740e-04
335	1.584642810991e-04	1.642647185472e-04	7.489000340664e-04
336	2.977439362046e-04	3.933116316435e-04	7.475456200639e-04
337	2.005775355905e-04	1.150665371227e-04	7.461888122340e-04
338	7.619844481741e-05	9.492647093143e-05	7.448296239680e-04
339	1.045507721178e-04	8.494193404890e-05	7.434680686803e-04
340	7.624089593422e-05	8.669360297953e-05	7.421041598092e-04
341	1.534138507105e-04	2.653730297692e-04	7.407379108156e-04
342	2.755718649725e-04	2.483324058178e-04	7.393693351841e-04
343	2.222059427900e-04	1.150907046520e-04	7.379984464218e-04
344	9.781641261314e-05	1.184628181990e-04	7.366252580590e-04
345	9.114414853393e-05	8.188499100455e-05	7.352497836483e-04
346	1.073713596115e-04	1.348548659555e-04	7.338720367653e-04
347	1.963450944806e-04	2.831775836883e-04	7.324920310076e-04
348	1.848344141695e-04	1.334321022618e-04	7.311097799955e-04
349	1.106697744496e-04	1.173507498649e-04	7.297252973711e-04
350	1.100220409737e-04	1.312659899122e-04	7.283385967987e-04
351	1.452858319326e-04	1.059387416786e-04	7.269496919646e-04
352	1.216351747130e-04	1.555878200695e-04	7.255585965766e-04
353	2.123845506971e-04	1.603109323815e-04	7.241653243643e-04
354	1.320978005642e-04	1.011678416308e-04	7.227698890787e-04
355	1.639986741012e-04	1.447367258117e-04	7.213723044922e-04
356	1.345130074776e-04	1.476474482125e-04	7.199725843985e-04
357	1.720198000531e-04	1.280957258252e-04	7.185707426121e-04
358	1.278432684180e-04	1.397563892932e-04	7.171667929687e-04
359	8.384345171417e-05	8.196315103548e-05	7.157607493247e-04
360	8.905783366695e-05	1.045253350300e-04	7.143526255572e-04
361	1.586417254326e-04	1.695229745530e-04	7.129424355638e-04
362	1.778309584910e-04	1.873725773159e-04	7.115301932626e-04
363	2.048467537327e-04	1.297954155804e-04	7.101159125917e-04
364	1.384472082191e-04	1.493751100641e-04	7.086996075095e-04
365	1.220644806145e-04	1.105771762605e-04	7.072812919945e-04
366	1.073586139476e-04	1.041489597173e-04	7.058609800448e-04
367	1.173106366920e-04	1.973983066908e-04	7.044386856783e-04
368	1.714959148892e-04	2.951053400575e-04	7.030144229324e-04
369	2.060298490564e-04	1.138682263366e-04	7.015882058642e-04
370	6.878980887961e-05	6.324526275176e-05	7.001600485498e-04
371	7.234730818493e-05	1.088480572967e-04	6.987299650844e-04
372	1.431299842415e-04	2.288203370162e-04	6.972979695825e-04
373	2.052589497858e-04	2.467312498120e-04	6.958640761773e-04
374	1.996235224182e-04	1.294563732364e-04	6.944282990207e-04
375	9.624579688265e-05	6.867438609701e-05	6.929906522833e-04
376	8.116940500215e-05	1.074584126183e-04	6.915511501540e-04
377	1.085273173750e-04	2.115371296771e-04	6.901098068402e-04
378	1.702413788140e-04	1.587766914474e-04	6.886666365673e-04
379	1.138866451066e-04	1.005893424727e-04	6.872216535789e-04
380	1.097458118472e-04	2.737039584399e-04	6.857748721363e-04
381	3.619689794773e-04	2.552533024168e-04	6.843263065187e-04
382	1.284682805482e-04	8.284331274567e-05	6.828759710229e-04
383	5.988143216821e-05	6.030201067404e-05	6.814238799631e-04
384	5.870968031426e-05	7.152400436314e-05	6.799700476707e-04
385	5.872871892747e-05	7.649476152287e-05	6.785144884947e-04
386	1.069952846442e-04	2.123367640098e-04	6.770572168007e-04
387	2.057444717718e-04	1.090664469104e-04	6.755982469714e-04
388	1.124030846141e-04	1.553728111596e-04	6.741375934063e-04
389	1.088080262807e-04	9.340135253386e-05	6.726752705214e-04
390	9.761106522592e-05	1.069712869986e-04	6.712112927493e-04
391	1.040375112085e-04	1.470638480683e-04	6.697456745389e-04
392	1.239754079022e-04	1.958114892850e-04	6.682784303551e-04
393	1.468449634996e-04	1.816820987727e-04	6.668095746792e-04
394	8.961023997154e-05	1.011894312678e-04	6.653391220081e-04
395	9.100616912407e-05	7.285724437797e-05	6.638670868546e-04
396	1.376797894119e-04	1.418160260716e-04	6.623934837470e-04
397	1.576112074165e-04	1.800238512225e-04	6.609183272294e-04
398	1.649989440439e-04	1.229187594275e-04	6.594416318608e-04
399	7.411560968501e-05	6.763643514956e-05	6.579634122156e-04
400	7.903776372892e-05	9.426527194988e-05	6.564836828833e-04
401	7.532656105013e-05	8.273165019036e-05	6.550024584682e-04
402	1.188086169446e-04	1.469534441971e-04	6.535197535894e-04
403	1.141802959953e-04	9.251996652051e-05	6.520355828806e-04
404	1.228015562078e-04	1.145786542674e-04	6.505499609900e-04
405	2.045951177367e-04	1.475991793649e-04	6.490629025800e-04
406	1.351459478102e-04	1.054182682310e-04	6.475744223273e-04
407	7.856970786369e-05	9.378430164270e-05	6.460845349226e-04
408	7.996707643689e-05	8.908202687913e-05	6.445932550706e-04
409	1.008382270119e-04	2.081059829135e-04	6.431005974894e-04
410	1.352850274999e-04	1.181129945932e-04	6.416065769111e-04
411	9.774212003247e-05	9.974295245403e-05	6.401112080811e-04
412	9.519900308302e-05	1.546370850105e-04	6.386145057579e-04
413	1.807331808247e-04	1.145260993682e-04	6.371164847136e-04
414	8.629485330289e-05	7.951966450463e-05	6.356171597329e-04
415	1.137617497885e-04	1.830414601383e-04	6.341165456135e-04
416	1.301801190218e-04	1.343314293802e-04	6.326146571660e-04
417	9.678081703234e-05	7.705756553130e-05	6.311115092133e-04
418	8.716604633479e-05	9.804225934494e-05	6.296071165909e-04
419	9.162685394019e-05	1.159870084144e-04	6.281014941466e-04
420	1.352349227913e-04	2.019559880505e-04	6.265946567403e-04
421	1.165458518883e-04	1.040107138330e-04	6.250866192437e-04
422	9.535388384165e-05	7.946690656529e-05	6.235773965408e-04
423	6.375544482829e-05	7.689003631195e-05	6.220670035267e-04
424	8.642408516392e-05	1.108685554027e-04	6.205554551087e-04
425	1.260070339928e-04	1.348836265192e-04	6.190427662049e-04
426	1.196649801561e-04	1.141233316706e-04	6.175289517451e-04
427	7.421378513291e-05	7.899662639679e-05	6.160140266699e-04
428	7.561980435172e-05	8.409794307102e-05	6.144980059312e-04
429	9.048967119441e-05	9.693932737291e-05	6.129809044913e-04
430	1.063066892710e-04	1.230122826481e-04	6.114627373235e-04
431	1.088601491106e-04	1.208355240012e-04	6.099435194114e-04
432	1.152890771080e-04	8.527505613231e-05	6.084232657492e-04
433	7.719227458496e-05	8.145115611876e-05	6.069019913411e-04
434	8.976619946305e-05	7.943362153603e-05	6.053797112015e-04
435	1.179387633472e-04	1.394592422043e-04	6.038564403546e-04
436	1.012271348870e-04	8.258999114745e-05	6.023321938346e-04
437	6.501764045392e-05	7.886123600884e-05	6.008069866852e-04
438	1.156168633786e-04	1.197542574205e-04	5.992808339594e-04
439	9.822294482033e-05	8.976964564663e-05	5.977537507199e-04
440	8.461462110005e-05	7.517258909839e-05	5.962257520384e-04
441	8.073337645710e-05	8.994138751311e-05	5.946968529954e-04
442	7.156843886698e-05	9.299572535025e-05	5.931670686808e-04
443	2.357101225828e-04	1.763150221811e-04	5.916364141928e-04
444	1.071875904269e-04	6.322927288820e-05	5.901049046383e-04
445	4.882707226013e-05	6.037353527628e-05	5.885725551328e-04
446	9.433602032334e-05	1.372391947562e-04	5.870393807999e-04
447	8.413625085706e-05	7.985663428670e-05	5.855053967715e-04
448	7.993485640240e-05	7.713635895788e-05	5.839706181873e-04
449	9.073607853405e-05	1.085199483012e-04	5.824350601949e-04
450	1.042920541643e-04	1.020793272718e-04	5.808987379498e-04
451	6.954481113151e-05	6.969239171486e-05	5.793616666148e-04
452	6.465543551362e-05	6.016304020480e-05	5.778238613601e-04
453	9.129305165079e-05	1.019885538411e-04	5.762853373634e-04
454	8.640522527336e-05	8.862890037845e-05	5.747461098091e-04
455	8.210880073715e-05	7.064230570048e-05	5.732061938889e-04
456	1.039457322667e-04	1.229959331031e-04	5.716656048011e-04
457	8.443205521033e-05	7.714359715228e-05	5.701243577507e-04
458	5.957683187054e-05	6.185785831850e-05	5.685824679492e-04
459	9.988389625975e-05	1.330175320818e-04	5.670399506143e-04
460	1.583388717514e-04	1.540172489696e-04	5.654968209702e-04
461	9.752014465105e-05	9.582131410098e-05	5.639530942470e-04
462	7.523407955521e-05	9.013443493972e-05	5.624087856804e-04
463	8.405614995189e-05	6.065818537973e-05	5.608639105124e-04
464	6.646580675070e-05	7.460605608479e-05	5.593184839901e-04
465	5.734422853700e-05	6.293458586178e-05	5.577725213663e-04
466	6.875120265259e-05	7.155909987284e-05	5.562260378990e-04
467	7.957024630877e-05	9.204945934826e-05	5.546790488514e-04
468	7.272457851363e-05	7.444282256705e-05	5.531315694916e-04
469	7.885108711069e-05	1.316561240156e-04	5.515836150927e-04
470	1.304799591138e-04	9.294443057420e-05	5.500352009323e-04
471	7.503708915815e-05	7.930489454226e-05	5.484863422926e-04
472	5.338046037564e-05	5.678028113466e-05	5.469370544603e-04
473	5.190855763097e-05	7.249534132207e-05	5.453873527262e-04
474	8.684586191058e-05	1.020413625329e-04	5.438372523853e-04
475	1.133917534251e-04	1.271041386197e-04	5.422867687363e-04
476	1.003664208486e-04	9.525073533179e-05	5.407359170820e-04
477	1.002271935587e-04	1.254316658726e-04	5.391847127286e-04
478	1.022647282417e-04	7.375787053884e-05	5.376331709859e-04
479	5.592045988561e-05	5.695370396526e-05	5.360813071670e-04
480	5.289612810363e-05	5.991617889003e-05	5.345291365881e-04
481	4.609624331831e-05	5.154132203126e-05	5.329766745686e-04
482	6.162731145603e-05	8.606222943892e-05	5.314239364306e-04
483	8.053604838492e-05	7.664729255857e-05	5.298709374990e-04
484	8.891667009417e-05	1.051229475178e-04	5.283176931013e-04
485	9.412432847668e-05	7.049084725220e-05	5.267642185673e-04
486	6.580400586106e-05	5.887388736825e-05	5.252105292294e-04
487	6.153846118835e-05	9.163876573599e-05	5.236566404216e-04
488	6.905590753365e-05	7.639227210326e-05	5.221025674804e-04
489	7.733622913368e-05	9.676051340417e-05	5.205483257437e-04
490	6.640002661824e-05	1.065284641683e-04	5.189939305513e-04
491	9.670785022437e-05	1.350415670026e-04	5.174393972445e-04
492	8.591235324227e-05	5.540265914719e-05	5.158847411658e-04
493	5.742554021270e-05	7.303052218958e-05	5.143299776591e-04
494	7.327495621073e-05	1.037384390032e-04	5.127751220694e-04
495	8.342787391969e-05	7.897679912209e-05	5.112201897423e-04
496	5.816247794356e-05	8.483847370133e-05	5.096651960244e-04
497	5.697604444789e-05	6.389233780400e-05	5.081101562630e-04
498	7.435608213629e-05	9.544729153356e-05	5.065550858055e-04
499	9.144592444710e-05	8.544278324646e-05	5.050000000000e-04
500	6.165750059998e-05	6.427500971653e-05	5.034449141945e-04
501	6.170649820560e-05	7.211784005110e-05	5.018898437370e-04
502	6.437359942057e-05	6.867973951779e-05	5.003348039756e-04
503	6.991327404696e-05	8.090857319328e-05	4.987798102577e-04
504	6.296377338949e-05	7.755350807421e-05	4.972248779306e-04
505	7.354556737922e-05	7.083298869642e-05	4.956700223409e-04
506	5.719040924008e-05	6.350352565582e-05	4.941152588342e-04
507	5.239868438545e-05	5.561954368663e-05	4.925606027555e-04
508	5.679396951173e-05	7.937451391505e-05	4.910060694487e-04
509	6.720113174055e-05	7.357537737687e-05	4.894516742563e-04
510	8.162968213509e-05	6.535937739576e-05	4.878974325196e-04
511	9.647242172723e-05	8.823533178476e-05	4.863433595784e-04
512	8.118728452539e-05	7.296030075848e-05	4.847894707706e-04
513	5.732999202199e-05	6.460244198647e-05	4.832357814327e-04
514	4.464285854568e-05	5.171099696767e-05	4.816823068987e-04
515	5.568005078479e-05	7.501020977218e-05	4.801290625010e-04
516	5.578752331421e-05	6.241921991678e-05	4.785760635694e-04
517	6.107928943377e-05	5.840969772723e-05	4.770233254314e-04
518	6.069275678086e-05	9.366589787684e-05	4.754708634119e-04
519	1.113916288075e-04	9.722248746603e-05	4.739186928330e-04
520	5.354427846842e-05	5.261523044300e-05	4.723668290141e-04
521	6.002900546762e-05	5.623920902882e-05	4.708152872714e-04
522	4.317679194567e-05	5.194816522419e-05	4.692640829180e-04
523	5.413328125093e-05	1.314133972886e-04	4.677132312637e-04
524	9.275645131056e-05	7.738379076571e-05	4.661627476147e-04
525	6.062380374584e-05	6.913424798016e-05	4.646126472738e-04
526	6.678879853548e-05	8.301073497582e-05	4.630629455397e-04
527	6.080165002577e-05	6.484819976630e-05	4.615136577074e-04
528	6.162212796260e-05	6.778463732334e-05	4.599647990677e-04
529	4.678431211155e-05	4.852503493749e-05	4.584163849073e-04
530	5.647672513167e-05	5.255079315220e-05	4.568684305084e-04
531	5.662160041594e-05	6.116704808441e-05	4.553209511486e-04
532	9.164536954262e-05	9.647376737469e-05	4.537739621010e-04
533	5.819568651506e-05	4.874699611231e-05	4.522274786337e-04
534	4.594017654123e-05	5.100638920125e-05	4.506815160099e-04
535	4.704542464987e-05	4.963120711814e-05	4.491360894876e-04
536	7.829700011384e-05	6.988525330913e-05	4.475912143196e-04
537	4.762162851505e-05	4.313095622190e-05	4.460469057530e-04
538	4.003645806956e-05	4.964867367546e-05	4.445031790298e-04
539	5.360106687253e-05	5.843963368858e-05	4.429600493857e-04
540	4.973964082063e-05	5.880075227626e-05	4.414175320509e-04
541	5.659993237552e-05	9.762094806279e-05	4.398756422493e-04
542	7.061142638717e-05	9.816299145603e-05	4.383343951989e-04
543	9.840889706310e-05	1.111901474740e-04	4.367938061111e-04
544	4.975975493892e-05	5.038651387617e-05	4.352538901909e-04
545	3.801321119060e-05	4.398799925799e-05	4.337146626366e-04
546	3.791594400551e-05	3.941035032998e-05	4.321761386399e-04
547	4.362417228951e-05	5.940575211942e-05	4.306383333852e-04
548	6.285506528814e-05	7.065311277951e-05	4.291012620502e-04
549	6.674846807740e-05	6.886532160962e-05	4.275649398051e-04
550	5.694062612455e-05	5.993500888736e-05	4.260293818127e-04
551	5.687759097817e-05	4.399000367014e-05	4.244946032285e-04
552	3.979530288955e-05	4.369485004183e-05	4.229606192001e-04
553	4.720202577875e-05	6.185171015964e-05	4.214274448672e-04
554	4.767559249869e-05	6.280288594740e-05	4.198950953617e-04
555	4.506223560574e-05	4.520996629180e-05	4.183635858072e-04
556	4.110664063291e-05	4.153863731611e-05	4.168329313192e-04
557	5.307926533754e-05	8.723795723445e-05	4.153031470046e-04
558	6.868888281671e-05	6.415640868585e-05	4.137742479616e-04
559	4.983092526587e-05	4.880675078590e-05	4.122462492801e-04
560	4.085132885694e-05	4.862097751982e-05	4.107191660406e-04
561	3.864003080677e-05	4.546578406525e-05	4.091930133148e-04
562	3.954368670441e-05	5.789669724936e-05	4.076678061654e-04
563	7.936842068620e-05	1.254256394537e-04	4.061435596454e-04
564	1.069813656468e-04	1.147223657508e-04	4.046202887985e-04
565	4.393873179957e-05	3.410091843355e-05	4.030980086589e-04
566	2.777796536155e-05	3.508930455430e-05	4.015767342508e-04
567	3.017513937742e-05	4.909134891968e-05	4.000564805886e-04
568	4.283586214853e-05	6.140855871581e-05	3.985372626765e-04
569	4.120703827720e-05	6.243102710382e-05	3.970190955087e-04
570	6.258416965851e-05	6.876244728553e-05	3.955019940688e-04
571	6.062180877678e-05	6.201967773506e-05	3.939859733301e-04
572	5.640534005704e-05	5.913139135815e-05	3.924710482549e-04
573	3.584212901864e-05	3.834298233456e-05	3.909572337951e-04
574	3.312478852579e-05	5.042245856606e-05	3.894445448913e-04
575	4.847682659126e-05	5.588350281887e-05	3.879329964733e-04
576	4.146515750268e-05	5.494357510084e-05	3.864226034592e-04
577	4.695185184176e-05	6.686293840955e-05	3.849133807563e-04
578	5.274278984997e-05	5.262181222235e-05	3.834053432597e-04
579	3.441109621369e-05	3.837162456989e-05	3.818985058534e-04
580	3.971924692381e-05	6.302938819714e-05	3.803928834091e-04
581	5.556237681533e-05	7.862753793517e-05	3.788884907867e-04
582	5.604858500175e-05	5.541710380205e-05	3.773853428340e-04
583	3.790097011576e-05	3.989325490072e-05	3.758834543865e-04
584	3.282225466712e-05	5.594164347904e-05	3.743828402671e-04
585	4.921315425480e-05	5.509722628474e-05	3.728835152864e-04
586	5.099783364344e-05	5.766126290105e-05	3.713854942421e-04
587	4.082796080336e-05	4.818038727973e-05	3.698887919189e-04
588	4.501261452191e-05	4.764086887790e-05	3.683934230889e-04
589	4.331561510973e-05	4.076451821809e-05	3.668994025106e-04
590	3.438555479972e-05	3.788998079987e-05	3.654067449294e-04
591	5.642888338641e-05	5.705134277604e-05	3.639154650774e-04
592	4.039919708754e-05	4.348333872293e-05	3.624255776727e-04
593	3.439779386565e-05	4.089449749933e-05	3.609370974200e-04
594	2.918189409175e-05	3.983312597579e-05	3.594500390100e-04
595	3.820765083409e-05	4.910528493795e-05	3.579644171194e-04
596	3.349607262743e-05	3.722065131819e-05	3.564802464106e-04
597	3.602559336400e-05	4.483623454782e-05	3.549975415318e-04
598	4.756597631128e-05	5.432063367169e-05	3.535163171167e-04
599	3.934032352611e-05	3.536972850445e-05	3.520365877844e-04
600	4.054573358710e-05	3.932404457710e-05	3.505583681392e-04
601	4.719368999392e-05	4.497123355029e-05	3.490816727706e-04
602	3.422498969901e-05	4.631569659017e-05	3.476065162530e-04
603	3.985970943941e-05	4.413420625234e-05	3.461329131454e-04
604	3.988048165531e-05	4.233935518216e-05	3.446608779919e-04
605	3.526038053708e-05	4.747512300328e-05	3.431904253208e-04
606	4.102063679549e-05	4.603778505028e-05	3.417215696449e-04
607	3.682663060868e-05	3.917794542395e-05	3.402543254611e-04
608	3.812651055336e-05	3.992798078716e-05	3.387887072507e-04
609	3.237817257504e-05	5.860335036403e-05	3.373247294786e-04
610	4.896877832924e-05	6.480078542331e-05	3.358624065937e-04
611	3.996569010637e-05	3.824647264028e-05	3.344017530286e-04
612	2.939167850768e-05	3.380294983947e-05	3.329427831993e-04
613	3.134962321554e-05	4.495222398192e-05	3.314855115053e-04
614	3.605508788149e-05	4.865001483390e-05	3.300299523293e-04
615	3.226123722307e-05	4.145875620493e-05	3.285761200369e-04
616	5.396629403606e-05	5.785971347760e-05	3.271240289771e-04
617	4.078829602337e-05	3.570504968594e-05	3.256736934813e-04
618	2.904193006424e-05	4.070310606444e-05	3.242251278637e-04
619	3.372151198643e-05	3.405498794368e-05	3.227783464211e-04
620	2.803638991370e-05	3.566600149078e-05	3.213333634327e-04
621	2.829937201290e-05	3.372608957953e-05	3.198901931598e-04
622	3.462942112071e-05	4.013784465946e-05	3.184488498460e-04
623	3.674683814491e-05	3.848490705883e-05	3.170093477167e-04
624	3.625341772814e-05	3.929849539806e-05	3.155717009793e-04
625	3.301894150465e-05	3.230274916393e-05	3.141359238227e-04
626	3.995656828973e-05	4.728390367104e-05	3.127020304175e-04
627	3.071010219305e-05	3.473046671236e-05	3.112700349156e-04
628	3.257165983533e-05	4.288036105956e-05	3.098399514502e-04
629	4.029565882518e-05	4.664559407567e-05	3.084117941358e-04
630	3.052061916198e-05	3.687868540458e-05	3.069855770676e-04
631	2.506560343975e-05	3.271230646350e-05	3.055613143217e-04
632	3.062456788897e-05	3.969091495534e-05	3.041390199552e-04
633	4.196981889240e-05	4.557453459284e-05	3.027187080055e-04
634	3.335083363047e-05	4.252385340289e-05	3.013003924905e-04
635	3.471159194925e-05	4.125504842931e-05	2.998840874083e-04
636	2.796015426116e-05	3.298036228043e-05	2.984698067374e-04
637	2.800026951877e-05	3.174352377290e-05	2.970575644362e-04
638	2.725998228957e-05	3.215634649854e-05	2.956473744428e-04
639	3.021386919595e-05	3.458673965339e-05	2.942392506753e-04
640	4.008411251662e-05	3.795469728352e-05	2.928332070313e-04
641	2.879076551116e-05	3.333432975261e-05	2.914292573879e-04
642	2.595198380567e-05	3.391660604898e-05	2.900274156015e-04
643	2.953417339373e-05	3.797275024266e-05	2.886276955078e-04
644	3.080777361126e-05	3.833734997017e-05	2.872301109213e-04
645	3.178668272317e-05	3.657969035146e-05	2.858346756357e-04
646	3.378440777407e-05	4.884611873272e-05	2.844414034234e-04
647	2.739448821156e-05	2.880497807265e-05	2.830503080354e-04
648	2.382355806393e-05	2.755699456935e-05	2.816614032013e-04
649	2.631145669987e-05	4.708169598460e-05	2.802747026289e-04
650	3.468808021464e-05	3.414455362736e-05	2.788902200045e-04
651	2.571749049864e-05	2.987551867992e-05	2.775079689924e-04
652	2.484323973885e-05	3.430496031026e-05	2.761279632347e-04
653	3.017879641166e-05	3.947957801015e-05	2.747502163517e-04
654	2.790486968611e-05	2.850554478208e-05	2.733747419410e-04
655	3.300990350137e-05	4.838144922603e-05	2.720015535782e-04
656	2.682877860581e-05	3.017019088541e-05	2.706306648159e-04
657	2.892504027283e-05	4.181100010036e-05	2.692620891844e-04
658	2.800320686235e-05	3.324166354816e-05	2.678958401908e-04
659	3.787732577662e-05	4.944439358122e-05	2.665319313197e-04
660	2.841133267002e-05	3.137226588645e-05	2.651703760320e-04
661	2.406405403809e-05	2.850025394810e-05	2.638111877660e-04
662	2.229199894953e-05	3.042537227143e-05	2.624543799361e-04
663	2.554774153336e-05	4.006549542054e-05	2.610999659336e-04
664	2.599116501156e-05	3.569442026651e-05	2.597479591260e-04
665	2.582605020888e-05	3.254457916494e-05	2.583983728570e-04
666	2.404268284760e-05	3.256597929190e-05	2.570512204464e-04
667	3.246301673678e-05	3.257968547169e-05	2.557065151903e-04
668	2.256990204177e-05	2.634831172038e-05	2.543642703602e-04
669	3.013620142400e-05	4.777741723292e-05	2.530244992036e-04
670	2.940831361979e-05	3.082576192325e-05	2.516872149434e-04
671	2.236242519426e-05	2.975301147703e-05	2.503524307782e-04
672	2.325632238688e-05	2.948390760095e-05	2.490201598816e-04
673	2.716280463855e-05	3.461183117220e-05	2.476904154027e-04
674	2.567193123367e-05	2.850638708261e-05	2.463632104656e-04
675	2.156649544399e-05	2.969322553934e-05	2.450385581692e-04
676	2.512019986763e-05	3.004655812653e-05	2.437164715872e-04
677	2.405645015750e-05	3.327948845718e-05	2.423969637682e-04
678	2.498898828554e-05	3.469484710035e-05	2.410800477351e-04
679	2.211705519928e-05	2.686377707383e-05	2.397657364854e-04
680	2.195503333809e-05	3.277965471052e-05	2.384540429908e-04
681	2.282027116691e-05	3.150584180024e-05	2.371449801972e-04
682	2.479709820034e-05	3.086266144063e-05	2.358385610245e-04
683	2.202308953124e-05	2.886872830576e-05	2.345347983665e-04
684	2.255572910447e-05	2.954074932191e-05	2.332337050909e-04
685	2.353628272224e-05	3.080079323179e-05	2.319352940389e-04
686	2.408425195523e-05	2.724660928627e-05	2.306395780253e-04
687	2.239829144465e-05	3.247161631755e-05	2.293465698383e-04
688	2.302139400489e-05	3.092045516572e-05	2.280562822394e-04
689	2.214995274625e-05	2.730707388201e-05	2.267687279632e-04
690	2.251053282477e-05	2.988548309775e-05	2.254839197173e-04
691	2.121294986127e-05	2.876489074055e-05	2.242018701823e-04
692	2.067344402001e-05	3.250107778601e-05	2.229225920114e-04
693	2.232921777239e-05	3.484935048253e-05	2.216460978307e-04
694	2.751302155585e-05	3.159824291838e-05	2.203724002386e-04
695	2.253796791569e-05	2.725745897489e-05	2.191015118060e-04
696	2.069882822717e-05	2.633747457008e-05	2.178334450760e-04
697	1.813745138457e-05	2.405139482296e-05	2.165682125641e-04
698	2.353192067714e-05	3.023013439504e-05	2.153058267574e-04
699	2.026887213969e-05	2.721077526481e-05	2.140463001152e-04
700	2.097308754471e-05	2.694701369718e-05	2.127896450686e-04
701	2.169203258839e-05	2.632134508919e-05	2.115358740203e-04
702	1.825971599073e-05	2.600870246265e-05	2.102849993444e-04
703	2.168238927758e-05	3.540352649783e-05	2.090370333865e-04
704	2.303684632630e-05	2.704393963116e-05	2.077919884637e-04
705	1.931250267454e-05	2.652352294181e-05	2.065498768639e-04
706	2.258893104268e-05	2.816237690874e-05	2.053107108464e-04
707	1.950898858900e-05	2.793495645919e-05	2.040745026412e-04
708	2.149210730180e-05	2.756205351582e-05	2.028412644491e-04
709	1.943209462760e-05	2.532256383225e-05	2.016110084418e-04
710	1.873158249636e-05	2.726282296028e-05	2.003837467613e-04
711	1.784968166394e-05	2.556749440329e-05	1.991594915203e-04
712	1.890999392157e-05	2.429871958770e-05	1.979382548016e-04
713	1.788151999540e-05	2.732926837212e-05	1.967200486584e-04
714	2.513321307526e-05	3.259166984727e-05	1.955048851138e-04
715	2.071916096855e-05	2.509526410883e-05	1.942927761611e-04
716	1.789495755291e-05	2.493054650780e-05	1.930837337632e-04
717	1.863504125342e-05	2.354767822284e-05	1.918777698530e-04
718	1.853072224417e-05	2.751468831361e-05	1.906748963328e-04
719	2.401522145885e-05	2.900068614770e-05	1.894751250744e-04
720	2.046204948573e-05	2.496754470306e-05	1.882784679192e-04
721	1.727790838727e-05	2.643141408756e-05	1.870849366776e-04
722	1.681059756749e-05	2.362374866082e-05	1.858945431293e-04
723	1.695678776401e-05	2.469912669098e-05	1.847072990231e-04
724	1.873236316726e-05	2.658337758795e-05	1.835232160766e-04
725	2.041171562756e-05	2.470949883278e-05	1.823423059761e-04
726	1.756024111825e-05	2.551041592606e-05	1.811645803767e-04
727	1.902431870669e-05	2.841584137729e-05	1.799900509023e-04
728	1.989501660483e-05	2.932821598299e-05	1.788187291448e-04
729	2.194348378353e-05	4.317557411540e-05	1.776506266648e-04
730	1.968562068839e-05	2.181439506488e-05	1.764857549909e-04
731	1.555714638705e-05	2.352630138564e-05	1.753241256200e-04
732	1.657745056484e-05	2.320414622902e-05	1.741657500169e-04
733	1.606815118957e-05	2.312335938451e-05	1.730106396143e-04
734	1.688884160190e-05	2.438583923521e-05	1.718588058127e-04
735	1.718594349552e-05	2.301962308434e-05	1.707102599801e-04
736	1.681379269037e-05	2.466605883732e-05	1.695650134523e-04
737	1.667651379560e-05	2.476180168735e-05	1.684230775324e-04
738	1.843846507192e-05	2.406436239851e-05	1.672844634908e-04
739	1.645566505153e-05	2.321533829536e-05	1.661491825653e-04
740	1.765781272256e-05	2.359101025602e-05	1.650172459605e-04
741	1.681277462035e-05	2.370760609808e-05	1.638886648483e-04
742	1.629973674149e-05	2.157485628655e-05	1.627634503672e-04
743	1.619010079821e-05	2.204623998787e-05	1.616416136227e-04
744	1.591742125274e-05	2.242870196274e-05	1.605231656868e-04
745	1.670603259981e-05	2.335116778587e-05	1.594081175982e-04
746	1.681039448897e-05	2.568163244291e-05	1.582964803620e-04
747	1.617695179774e-05	2.447425360085e-05	1.571882649496e-04
748	1.595001687600e-05	2.281315166303e-05	1.560834822985e-04
749	1.494378688551e-05	2.155207969713e-05	1.549821433127e-04
750	1.612235246857e-05	2.399536656685e-05	1.538842588617e-04
751	1.741763347677e-05	2.454794620969e-05	1.527898397814e-04
752	1.726284925212e-05	2.278628895610e-05	1.516988968732e-04
753	1.543033759300e-05	2.342856624924e-05	1.506114409042e-04
754	1.645746514181e-05	2.213967974584e-05	1.495274826072e-04
755	1.612628817043e-05	2.156710317682e-05	1.484470326805e-04
756	1.629144498589e-05	2.207122975081e-05	1.473701017876e-04
757	1.466899120498e-05	2.044363471064e-05	1.462967005574e-04
758	1.399981368881e-05	2.157422290116e-05	1.452268395840e-04
759	1.500065957185e-05	2.299672762483e-05	1.441605294264e-04
760	1.662503750818e-05	2.233726750567e-05	1.430977806087e-04
761	1.472631236072e-05	2.097885460010e-05	1.420386036198e-04
762	1.466162279325e-05	2.274902255796e-05	1.409830089134e-04
763	1.426393528501e-05	2.129806651752e-05	1.399310069077e-04
764	1.615289929516e-05	2.222260075308e-05	1.388826079856e-04
765	1.461309552348e-05	2.147651746591e-05	1.378378224943e-04
766	1.510395177238e-05	2.150055006113e-05	1.367966607455e-04
767	1.438422502862e-05	2.188469685912e-05	1.357591330150e-04
768	1.476458860420e-05	2.189384125976e-05	1.347252495428e-04
769	1.559769554232e-05	2.152326613974e-05	1.336950205329e-04
770	1.661332988384e-05	2.342696667468e-05	1.326684561533e-04
771	1.461380370136e-05	2.187150604011e-05	1.316455665356e-04
772	1.379576852542e-05	2.090430139895e-05	1.306263617755e-04
773	1.347640024467e-05	2.063557730272e-05	1.296108519321e-04
774	1.368808074253e-05	2.111440560744e-05	1.285990470280e-04
775	1.372109638231e-05	2.105248599336e-05	1.275909570493e-04
776	1.462880295087e-05	2.299004797384e-05	1.265865919456e-04
777	1.488804519904e-05	2.227431205570e-05	1.255859616294e-04
778	1.462930286841e-05	2.091074157967e-05	1.245890759766e-04
779	1.382249655437e-05	2.017756252624e-05	1.235959448260e-04
780	1.343449141152e-05	2.056158865907e-05	1.226065779795e-04
781	1.382769718772e-05	2.250807523569e-05	1.216209852016e-04
782	1.388773191256e-05	2.080244499243e-05	1.206391762199e-04
783	1.350748711706e-05	2.113281183747e-05	1.196611607243e-04
784	1.337368163629e-05	1.970216894144e-05	1.186869483675e-04
785	1.393650567371e-05	2.240392070813e-05	1.177165487646e-04
786	1.400958651553e-05	2.016747480107e-05	1.167499714930e-04
787	1.336703049679e-05	2.068367448654e-05	1.157872260924e-04
788	1.367167686560e-05	2.023202170552e-05	1.148283220647e-04
789	1.314337233175e-05	1.948177736991e-05	1.138732688740e-04
790	1.310211852913e-05	2.005168983316e-05	1.129220759463e-04
791	1.328650477947e-05	1.990400545087e-05	1.119747526693e-04
792	1.271410789417e-05	1.981857936550e-05	1.110313083929e-04
793	1.309181637406e-05	2.077532358888e-05	1.100917524284e-04
794	1.298765787883e-05	2.143568178012e-05	1.091560940489e-04
795	1.386797885071e-05	2.226857202091e-05	1.082243424889e-04
796	1.320497324346e-05	1.965714605606e-05	1.072965069445e-04
797	1.261717144179e-05	1.939112764080e-05	1.063725965730e-04
798	1.277817081005e-05	1.952015560636e-05	1.054526204930e-04
799	1.275512390721e-05	2.008324908821e-05	1.045365877844e-04
800	1.266775602866e-05	1.932347294725e-05	1.036245074880e-04
801	1.363797572738e-05	1.972985605112e-05	1.027163886056e-04
802	1.239570448117e-05	1.925183462302e-05	1.018122401001e-04
803	1.221033383282e-05	1.903801294771e-05	1.009120708950e-04
804	1.314165250030e-05	1.974605509585e-05	1.000158898746e-04
805	1.267378928751e-05	2.046963063987e-05	9.912370588390e-05
806	1.269007552205e-05	2.036499391112e-05	9.823552772835e-05
807	1.232833860504e-05	1.883425263893e-05	9.735136417393e-05
808	1.218837704669e-05	1.935898883403e-05	9.647122394697e-05
809	1.206169117540e-05	1.920832210195e-05	9.559511573409e-05
810	1.201383810897e-05	1.886290371472e-05	9.472304818214e-05
811	1.190743765395e-05	1.878950396119e-05	9.385502989807e-05
812	1.210146455977e-05	1.908385000498e-05	9.299106944887e-05
813	1.209231790652e-05	1.920932325620e-05	9.213117536148e-05
814	1.191147143636e-05	1.877833194089e-05	9.127535612271e-05
815	1.214504181946e-05	1.875302795940e-05	9.042362017914e-05
816	1.201267745493e-05	1.927953208398e-05	8.957597593707e-05
817	1.198586432314e-05	1.870778387739e-05	8.873243176241e-05
818	1.181175027835e-05	1.899622890216e-05	8.789299598059e-05
819	1.200088570954e-05	1.880846683350e-05	8.705767687650e-05
820	1.169395870468e-05	1.885758480317e-05	8.622648269442e-05
821	1.187562561067e-05	1.860356924096e-05	8.539942163788e-05
822	1.162811009478e-05	1.850150096330e-05	8.457650186966e-05
823	1.165050749586e-05	1.829201227974e-05	8.375773151163e-05
824	1.180780864551e-05	1.851229227332e-05	8.294311864472e-05
825	1.144488437567e-05	1.834828525979e-05	8.213267130885e-05
826	1.151112562583e-05	1.855984967656e-05	8.132639750279e-05
827	1.176312748201e-05	1.888573728480e-05	8.052430518414e-05
828	1.175147798424e-05	1.830368556735e-05	7.972640226924e-05
829	1.122535616789e-05	1.807717880921e-05	7.893269663305e-05
830	1.126379083538e-05	1.847685667162e-05	7.814319610913e-05
831	1.162134047151e-05	1.849269265291e-05	7.735790848955e-05
832	1.116440583023e-05	1.826215583782e-05	7.657684152476e-05
833	1.125579526613e-05	1.859981763655e-05	7.580000292358e-05
834	1.129362815657e-05	1.854153528484e-05	7.502740035310e-05
835	1.119671931679e-05	1.811932150051e-05	7.425904143858e-05
836	1.116580982941e-05	1.799363063510e-05	7.349493376344e-05
837	1.111660461421e-05	1.789572873141e-05	7.273508486909e-05
838	1.101524638087e-05	1.788344243563e-05	7.197950225494e-05
839	1.097827930727e-05	1.782786322144e-05	7.122819337829e-05
840	1.090206246727e-05	1.774969800473e-05	7.048116565424e-05
841	1.097581106243e-05	1.799890991215e-05	6.973842645567e-05
842	1.087879399068e-05	1.770247255728e-05	6.899998311311e-05
843	1.094973760447e-05	1.772889888530e-05	6.826584291470e-05
844	1.079474061022e-05	1.750005716278e-05	6.753601310610e-05
845	1.084223436068e-05	1.774465705209e-05	6.681050089043e-05
846	1.082520717123e-05	1.771614500329e-05	6.608931342822e-05
847	1.076254898596e-05	1.767899043999e-05	6.537245783730e-05
848	1.074164826910e-05	1.756254871344e-05	6.465994119272e-05
849	1.071852664672e-05	1.761333855752e-05	6.395177052676e-05
850	1.083724015967e-05	1.761817325607e-05	6.324795282876e-05
851	1.068965828402e-05	1.814780118969e-05	6.254849504512e-05
852	1.069993457294e-05	1.748178408214e-05	6.185340407922e-05
853	1.063018992048e-05	1.758475605891e-05	6.116268679131e-05
854	1.047436255484e-05	1.722869107413e-05	6.047634999850e-05
855	1.046170039025e-05	1.759634555670e-05	5.979440047465e-05
856	1.052273459252e-05	1.745229908354e-05	5.911684495033e-05
857	1.075722069611e-05	1.730942985873e-05	5.844369011274e-05
858	1.048472202214e-05	1.722582346842e-05	5.777494260565e-05
859	1.044835344145e-05	1.719953334410e-05	5.711060902932e-05
860	1.032875848478e-05	1.738559170640e-05	5.645069594046e-05
861	1.054951504676e-05	1.729557861808e-05	5.579520985215e-05
862	1.024492015002e-05	1.731702158328e-05	5.514415723376e-05
863	1.029114291216e-05	1.712840847702e-05	5.449754451093e-05
864	1.027397877398e-05	1.705702857220e-05	5.385537806545e-05
865	1.036160861056e-05	1.722112216277e-05	5.321766423527e-05
866	1.019783285644e-05	1.735019906233e-05	5.258440931434e-05
867	1.022696805180e-05	1.706745203516e-05	5.195561955265e-05
868	1.016539413805e-05	1.704186791764e-05	5.133130115609e-05
869	1.016695970915e-05	1.702539309604e-05	5.071146028643e-05
870	1.008532548577e-05	1.706988150343e-05	5.009610306126e-05
871	1.008934934076e-05	1.717735280570e-05	4.948523555389e-05
872	1.009967851082e-05	1.701840026775e-05	4.887886379336e-05
873	1.007238961596e-05	1.702242525433e-05	4.827699376429e-05
874	1.012075170641e-05	1.688241701449e-05	4.767963140691e-05
875	9.925610303490e-06	1.698262262446e-05	4.708678261694e-05
876	9.961015560186e-06	1.683045445795e-05	4.649845324556e-05
877	9.959288960197e-06	1.700086469719e-05	4.591464909934e-05
878	9.853815194947e-06	1.673738669502e-05	4.533537594020e-05
879	9.899680337794e-06	1.697481556249e-05	4.476063948532e-05
880	9.898275870816e-06	1.697924030161e-05	4.419044540712e-05
881	9.846461891731e-06	1.692474566049e-05	4.362479933319e-05
882	9.849839629318e-06	1.680947520831e-05	4.306370684622e-05
883	9.754336620414e-06	1.671809898768e-05	4.250717348398e-05
884	9.763390292942e-06	1.666431778425e-05	4.195520473922e-05
885	9.812806665181e-06	1.674509840689e-05	4.140780605964e-05
886	9.749657068448e-06	1.675294876592e-05	4.086498284787e-05
887	9.718609590849e-06	1.677690371308e-05	4.032674046133e-05
888	9.718418783079e-06	1.679204014866e-05	3.979308421227e-05
889	9.644586640790e-06	1.668763244098e-05	3.926401936766e-05
890	9.610966518892e-06	1.681708164341e-05	3.873955114915e-05
891	9.617538584030e-06	1.663659693147e-05	3.821968473303e-05
892	9.624578244310e-06	1.664938187615e-05	3.770442525018e-05
893	9.673052994021e-06	1.655141804247e-05	3.719377778600e-05
894	9.574743137323e-06	1.655641020843e-05	3.668774738037e-05
895	9.548060973365e-06	1.652187981282e-05	3.618633902760e-05
896	9.593149086604e-06	1.638702700144e-05	3.568955767640e-05
897	9.523022018932e-06	1.648298723102e-05	3.519740822980e-05
898	9.489626387792e-06	1.663093306841e-05	3.470989554512e-05
899	9.475480110856e-06	1.649939129843e-05	3.422702443390e-05
900	9.443303591577e-06	1.638214648466e-05	3.374879966189e-05
901	9.453562386412e-06	1.653833333493e-05	3.327522594898e-05
902	9.433786287748e-06	1.635828104875e-05	3.280630796914e-05
903	9.461271283214e-06	1.633386121815e-05	3.234205035041e-05
904	9.394049730914e-06	1.645536146565e-05	3.188245767483e-05
905	9.370172244702e-06	1.657920229192e-05	3.142753447838e-05
906	9.388719431515e-06	1.638378289948e-05	3.097728525098e-05
907	9.358560686087e-06	1.639910645584e-05	3.053171443640e-05
908	9.331228999945e-06	1.631619059575e-05	3.009082643225e-05
909	9.313938473173e-06	1.637319340744e-05	2.965462558991e-05
910	9.323922265270e-06	1.639319224245e-05	2.922311621452e-05
911	9.307703694560e-06	1.635963445939e-05	2.879630256489e-05
912	9.265691678403e-06	1.623166662538e-05	2.837418885350e-05
913	9.251363893238e-06	1.623860712181e-05	2.795677924645e-05
914	9.262182965386e-06	1.625224102350e-05	2.754407786339e-05
915	9.236325258574e-06	1.623975957758e-05	2.713608877753e-05
916	9.210652360769e-06	1.617291157583e-05	2.673281601555e-05
917	9.194383917206e-06	1.627532987451e-05	2.633426355759e-05
918	9.177336384960e-06	1.616041207223e-05	2.594043533721e-05
919	9.165489101988e-06	1.626005916338e-05	2.555133524133e-05
920	9.159312834526e-06	1.619060173341e-05	2.516696711020e-05
921	9.150188560643e-06	1.616956469120e-05	2.478733473740e-05
922	9.120971605014e-06	1.606497182263e-05	2.441244186973e-05
923	9.125242891167e-06	1.620018286629e-05	2.404229220724e-05
924	9.114549826482e-06	1.612385033118e-05	2.367688940315e-05
925	9.114838698188e-06	1.614153816941e-05	2.331623706385e-05
926	9.093408086703e-06	1.608710632049e-05	2.296033874882e-05
927	9.069250576762e-06	1.611057814648e-05	2.260919797064e-05
928	9.044877909047e-06	1.616894015180e-05	2.226281819493e-05
929	9.050981098162e-06	1.608138587165e-05	2.192120284032e-05
930	9.031516987874e-06	1.604953671725e-05	2.158435527841e-05
931	9.011560230869e-06	1.603980618242e-05	2.125227883374e-05
932	9.003060627998e-06	1.598265638201e-05	2.092497678379e-05
933	8.988396086818e-06	1.606303536608e-05	2.060245235889e-05
934	8.985802473829e-06	1.605617729244e-05	2.028470874223e-05
935	8.974818892018e-06	1.601519985760e-05	1.997174906980e-05
936	8.969461964907e-06	1.599649288232e-05	1.966357643039e-05
937	8.956630819169e-06	1.601758423934e-05	1.936019386555e-05
938	8.952773274421e-06	1.603888867591e-05	1.906160436953e-05
939	8.923226693251e-06	1.595060041527e-05	1.876781088930e-05
940	8.923220586894e-06	1.598672407239e-05	1.847881632447e-05
941	8.917109655511e-06	1.603736732153e-05	1.819462352731e-05
942	8.897238558194e-06	1.595051660332e-05	1.791523530269e-05
943	8.878767049300e-06	1.591836989612e-05	1.764065440804e-05
944	8.882277472410e-06	1.593599946845e-05	1.737088355339e-05
945	8.870968629338e-06	1.592053161945e-05	1.710592540125e-05
946	8.874394594508e-06	1.592915837463e-05	1.684578256665e-05
947	8.862962930554e-06	1.589535731256e-05	1.659045761711e-05
948	8.856194332804e-06	1.586594454912e-05	1.633995307256e-05
949	8.838087560640e-06	1.590118809840e-05	1.609427140541e-05
950	8.828053479984e-06	1.586820284824e-05	1.585341504041e-05
951	8.814498403933e-06	1.585266237671e-05	1.561738635473e-05
952	8.793528664843e-06	1.584346401528e-05	1.538618767788e-05
953	8.812676690099e-06	1.591457097732e-05	1.515982129169e-05
954	8.806746662083e-06	1.586346361087e-05	1.493828943030e-05
955	8.799727173722e-06	1.588146239249e-05	1.472159428016e-05
956	8.794861755521e-06	1.588977089681e-05	1.450973797994e-05
957	8.780182246850e-06	1.584302511566e-05	1.430272262059e-05
958	8.753543304099e-06	1.591301457204e-05	1.410055024527e-05
959	8.756322519131e-06	1.583066764346e-05	1.390322284933e-05
960	8.761842565797e-06	1.580613839736e-05	1.371074238032e-05
961	8.733914562534e-06	1.585753980951e-05	1.352311073794e-05
962	8.742087891740e-06	1.580326403139e-05	1.334032977404e-05
963	8.725560633969e-06	1.581726904483e-05	1.316240129260e-05
964	8.722362551773e-06	1.574057538549e-05	1.298932704969e-05
965	8.720201654592e-06	1.575749088164e-05	1.282110875349e-05
966	8.707404604389e-06	1.584337420875e-05	1.265774806424e-05
967	8.712017589951e-06	1.578112811291e-05	1.249924659426e-05
968	8.694180750923e-06	1.581584864338e-05	1.234560590788e-05
969	8.702570075477e-06	1.575747631709e-05	1.219682752148e-05
970	8.682847153766e-06	1.577785863735e-05	1.205291290343e-05
971	8.699419691241e-06	1.574181358031e-05	1.191386347413e-05
972	8.672154659124e-06	1.577930059688e-05	1.177968060593e-05
973	8.675468140778e-06	1.575870586158e-05	1.165036562316e-05
974	8.664559449901e-06	1.572518781026e-05	1.152591980210e-05
975	8.664144751498e-06	1.572124469696e-05	1.140634437100e-05
976	8.662920926056e-06	1.574414867034e-05	1.129164051000e-05
977	8.665923657504e-06	1.572573912644e-05	1.118180935119e-05
978	8.644264011599e-06	1.570999648226e-05	1.107685197857e-05
979	8.650135822044e-06	1.576236332183e-05	1.097676942801e-05
980	8.643495718539e-06	1.574097350384e-05	1.088156268729e-05
981	8.644113798132e-06	1.578065309732e-05	1.079123269606e-05
982	8.637737809309e-06	1.569019234640e-05	1.070578034584e-05
983	8.636613699128e-06	1.572395638292e-05	1.062520648002e-05
984	8.635517504701e-06	1.572713008770e-05	1.054951189382e-05
985	8.628202580184e-06	1.575350459193e-05	1.047869733433e-05
986	8.623652588432e-06	1.572499271831e-05	1.041276350044e-05
987	8.636374260723e-06	1.570700050286e-05	1.035171104291e-05
988	8.621022175728e-06	1.571400764380e-05	1.029554056429e-05
989	8.620625525349e-06	1.573320221076e-05	1.024425261896e-05
990	8.617860444148e-06	1.572520639589e-05	1.019784771312e-05
991	8.611499634081e-06	1.572410888862e-05	1.015632630477e-05
992	8.607068458388e-06	1.567432351986e-05	1.011968880369e-05
993	8.608186393386e-06	1.570926106542e-05	1.008793557150e-05
994	8.604553018672e-06	1.568037663036e-05	1.006106692158e-05
995	8.604630952028e-06	1.570817922175e-05	1.003908311911e-05
996	8.599981221146e-06	1.569358104840e-05	1.002198438107e-05
997	8.600606721308e-06	1.572348702443e-05	1.000977087621e-05
998	8.600838340553e-06	1.571596345435e-05	1.000244272508e-05
999	8.591959394296e-06	1.574532196329e-05	1.000000000000e-05
